961
197 45
905 668
414 259
539 116
216 267
45 40
747 183
28 24
146 13
252 659
521 770
849 58
159 499
480 233
38 295
305 200
226 686
502 886
127 118
608 292
308 367
265 186
149 507
154 109
194 410
287 28
804 916
40 21
48 53
234 550
63 179
285 494
450 343
575 303
111 139
53 137
415 354
244 275
43 13
260 313
56 168
583 508
155 245
51 33
25 39
706 186
958 952
705 295
53 108
27 156
444 869
733 742
584 45
143 432
253 611
283 754
14 9
63 153
405 877
607 410
100 14
319 702
3 23
408 719
274 416
150 818
678 805
467 218
207 618
909 389
731 923
944 822
350 725
722 613
278 247
13 77
491 129
681 735
326 384
672 288
542 102
15 27
36 490
243 261
140 52
421 371
483 409
475 429
64 424
604 932
589 780
817 23
119 274
640 58
150 629
7 808
269 109
836 223
371 259
69 342
724 372
138 104
81 791
48 695
164 52
6 373
79 218
476 286
244 688
136 427
548 431
866 24
13 31
556 714
448 323
167 594
828 765
874 843
955 548
101 13
35 574
70 370
341 843
3 7
165 266
181 16
111 579
16 24
114 76
425 753
262 6
814 583
446 428
234 339
684 118
257 40
160 87
258 389
91 38
863 432
159 129
572 269
769 740
12 7
767 248
760 150
360 169
194 123
67 132
157 34
69 75
15 247
707 151
226 561
544 907
445 787
592 358
122 368
566 174
156 226
6 55
46 35
125 124
384 677
859 488
83 173
249 872
4 116
288 860
102 631
347 170
718 157
961 332
326 245
809 129
83 795
162 204
16 26
391 345
51 479
480 703
145 228
23 458
197 487
862 250
302 807
43 441
297 675
371 492
465 931
651 23
95 64
2 150
603 204
468 8
406 400
346 357
459 726
765 384
369 822
538 546
939 225
188 205
453 419
145 392
569 627
330 141
911 622
134 826
268 57
736 169
285 749
356 95
584 610
924 201
154 650
455 898
623 609
29 111
371 721
704 380
674 775
755 375
69 17
13 555
4 1
213 282
306 131
602 511
567 181
313 547
493 115
546 661
19 38
51 199
101 434
71 83
494 556
621 782
289 323
72 120
277 298
678 154
797 126
33 31
403 585
185 518
419 89
109 379
455 338
660 712
800 681
510 448
267 279
162 362
345 4
89 134
37 14
201 61
700 778
292 231
156 557
504 512
58 465
509 255
595 720
1 54
185 107
648 122
319 408
330 732
142 107
124 175
89 456
99 21
772 513
364 430
443 553
653 930
630 10
558 7
506 491
824 570
212 670
257 335
66 131
5 44
39 177
40 525
220 111
652 284
634 452
620 592
219 645
708 492
148 25
485 505
508 669
92 82
101 865
151 349
598 683
182 372
174 144
32 796
447 500
664 723
71 440
198 200
911 959
748 527
367 526
216 163
112 74
655 641
402 919
761 433
223 38
8 519
687 847
921 529
844 4
378 852
348 296
417 16
456 764
143 953
2 1
395 619
188 644
745 567
103 377
102 22
566 910
5 9
810 152
211 76
878 901
328 462
241 70
589 544
546 698
13 42
150 883
293 181
68 516
73 20
900 131
384 904
54 595
97 151
493 616
202 255
674 78
215 36
132 635
737 576
712 947
876 99
948 350
15 117
744 436
147 252
253 68
395 435
667 292
212 188
612 140
398 71
854 853
6 18
49 951
78 190
741 355
756 445
950 265
319 284
387 376
459 681
734 361
270 922
537 157
716 209
168 400
488 954
175 353
545 288
48 171
158 486
116 580
165 8
562 402
300 271
847 887
621 554
426 96
696 581
73 98
798 166
183 100
375 33
161 578
10 11
548 551
14 94
158 108
196 601
409 94
531 359
133 3
267 333
116 381
701 133
446 581
429 229
65 383
283 267
768 280
236 59
346 433
771 830
144 19
328 617
861 679
336 337
34 76
114 654
244 145
448 851
285 164
471 362
6 311
183 286
724 728
295 355
646 606
785 779
361 63
1 214
43 304
347 533
650 717
209 43
15 438
191 447
317 423
394 267
365 15
563 207
39 386
392 821
323 378
888 343
448 582
39 93
478 341
27 501
350 380
153 167
20 30
36 679
152 79
422 858
786 721
78 189
784 171
300 811
894 380
14 49
207 256
59 801
290 276
620 658
638 548
640 815
373 570
587 543
226 402
231 21
133 155
86 11
260 143
399 552
131 641
165 192
454 270
360 857
762 329
17 9
368 812
64 55
693 326
124 246
14 62
12 130
5 8
81 19
697 750
74 26
529 609
74 119
233 18
365 536
115 263
853 156
524 666
889 826
141 221
397 405
14 331
57 54
7 653
711 152
864 282
413 871
903 173
433 515
832 341
36 4
229 25
51 63
60 806
477 157
654 690
203 191
700 558
401 325
41 254
1 10
319 437
497 312
614 594
30 180
107 820
169 540
294 155
373 382
685 136
878 151
632 709
305 538
896 584
117 307
460 129
657 388
32 1
411 523
329 647
326 482
182 393
351 682
332 78
639 471
234 80
159 636
436 182
340 323
758 74
368 873
88 2
941 250
310 933
67 628
53 213
477 590
70 59
613 145
68 47
86 428
35 792
104 673
403 137
885 68
139 170
1 6
577 205
43 308
61 27
53 530
816 309
523 649
464 377
72 303
339 564
846 501
48 52
344 803
194 484
123 182
30 692
902 463
261 457
763 336
766 486
823 793
79 663
99 145
891 432
774 270
179 366
58 79
227 56
322 247
199 827
114 196
397 407
87 895
314 569
751 233
448 668
80 6
52 914
302 283
642 531
65 14
116 172
660 495
47 35
441 868
485 178
39 845
10 397
275 934
12 16
297 136
541 483
942 223
317 288
221 235
474 263
90 952
130 161
513 380
499 837
57 277
637 140
147 8
238 71
37 855
664 487
34 19
499 739
388 591
489 937
270 522
122 116
367 788
67 15
30 35
50 47
225 352
444 440
605 599
115 55
748 892
232 49
27 848
36 59
312 299
925 538
321 680
597 413
715 119
100 124
207 147
110 299
90 309
520 214
32 58
319 943
920 675
733 432
292 960
137 528
691 518
253 710
202 62
463 429
235 272
598 180
294 731
11 560
676 585
18 364
157 928
571 209
141 118
755 908
269 573
126 162
633 456
156 656
345 671
781 113
83 316
529 176
27 104
314 292
938 759
130 143
59 66
155 452
306 790
334 97
258 142
829 646
158 284
624 205
875 424
194 411
193 90
20 4
169 40
259 310
16 606
167 289
7 56
55 879
242 162
275 358
177 206
502 222
632 556
114 208
121 44
78 33
90 178
148 694
315 55
517 223
153 600
109 118
45 87
458 935
549 499
223 276
643 825
773 437
80 799
470 495
141 243
6 771
244 565
743 425
913 832
132 783
390 191
192 329
351 195
258 949
413 241
618 882
740 91
250 29
44 82
87 325
350 266
4 198
594 884
615 175
727 290
48 71
1 107
918 831
463 839
30 48
331 893
8 496
840 224
511 122
42 89
176 58
31 105
104 217
238 586
912 416
72 856
369 279
20 163
3 2
100 110
208 225
470 71
498 169
808 946
162 793
105 527
584 665
39 576
425 191
343 133
48 195
326 776
186 19
442 312
373 588
71 259
399 210
144 224
593 777
10 359
521 831
183 422
60 9
561 687
376 325
222 59
106 71
838 542
126 12
296 218
75 794
97 55
804 51
28 320
324 114
469 216
210 142
445 354
534 465
779 723
900 915
870 403
28 521
257 729
193 248
84 819
50 699
73 149
400 917
449 99
568 423
103 3
168 344
259 318
184 28
117 466
879 899
184 301
514 316
833 68
489 156
81 544
16 291
237 183
179 338
723 842
395 332
503 169
231 713
273 191
643 638
443 359
84 31
535 455
459 443
810 940
354 315
90 341
239 101
117 135
159 451
956 504
119 123
111 363
5 29
159 593
462 689
443 622
927 293
